000000000000000000000000000000
000002672000000000061072600000
000000000007122100000000900000
011000000009500000000000000000
000000000000000000161176700000
000001000001110000000000000000
000000000000001170000000010000
000000062000000000011783000000
000000100000000000000000000000
000000000000000000100000000002
000600000000000000000000006000
000000000027611111000062000000
000000000000000000010000000000
000003680100000000000000000010
000000000000000000000001000000
000000000000000000000000000000
400000000000000000000000000000
