000000000000000000000000000000
000000267700000000000000000000
000000000000000000000000000000
000000000000000000000000000000
000000000000111100000000000000
000000000000000000023257000000
000000000000000000000000000000
000000001111110000000000000008
000000000000000000000000000000
000000000000000000000000000000
000000000000000000000000000000
000000000000000000000000000000
000000000000000000000000000000
000000000000000000000000000000
000000000000000000000000000000
000001166700000000000000000000
000000000000000000000000040000